2,4
2,3
2,2
2,1
4294967294,187
4294967294,1357
4294967294,1022
4294967294,472
4294967294,1356
4294967294,1355
4294967279,291
4294967293,131
4294967293,130
4294967293,129
4294967293,128
4294967293,127
4294967293,126
4294967293,125
4294967293,124
4294967293,123
4294967293,122
4294967293,121
4294967293,120
4294967293,119
4294967293,118
4294967293,117
4294967293,116
4294967293,115
4294967293,114
4294967293,113
4294967293,112
4294967293,111
4294967293,110
4294967293,109
4294967293,108
4294967293,107
4294967293,106
4294967293,105
4294967293,104
4294967293,103
4294967293,102
4294967293,101
4294967293,100
4294967293,99
4294967293,98
4294967293,97
4294967293,96
4294967293,95
4294967293,94
4294967293,93
4294967293,92
4294967293,91
4294967293,90
4294967293,89
4294967293,88
4294967293,87
4294967293,86
4294967293,85
4294967293,84
4294967293,83
4294967293,82
4294967293,81
4294967293,80
4294967293,79
4294967293,78
4294967293,77
4294967293,76
4294967293,75
4294967293,74
4294967293,73
4294967293,72
4294967293,71
4294967293,70
4294967293,69
4294967293,68
4294967293,67
4294967293,66
4294967293,65
4294967293,64
4294967293,63
4294967293,62
4294967293,61
4294967293,60
4294967293,59
4294967293,58
4294967293,57
4294967293,56
4294967293,55
4294967293,54
4294967293,53
4294967293,52
4294967293,51
4294967293,50
4294967293,49
4294967293,48
4294967293,47
4294967293,46
4294967293,45
4294967293,44
4294967293,43
4294967293,42
4294967293,41
4294967293,40
4294967293,39
4294967293,38
4294967293,37
4294967293,36
4294967293,35
4294967293,34
4294967293,33
4294967293,32
4294967293,31
4294967293,30
4294967293,29
4294967293,28
4294967293,27
4294967293,26
4294967293,25
4294967293,24
4294967293,23
4294967293,22
4294967293,21
4294967293,20
4294967293,19
4294967293,18
4294967293,17
4294967293,16
4294967293,15
4294967293,14
4294967293,13
4294967293,12
4294967293,11
4294967293,10
4294967293,9
4294967293,8
4294967293,7
4294967293,6
4294967293,5
4294967293,4
4294967293,3
4294967293,2
4243767290,0
4243767289,0
4243767288,0
4243767287,0
4243767286,0
4243767285,0
4243767284,0
4243767283,0
4243767282,0
4243767281,0
4294967293,0
4294967278,343
4294967278,342
4294967278,341
4294967278,340
4294967278,339
4294967278,338
4294967278,337
4294967278,336
4294967278,335
4294967278,334
4294967278,333
4294967278,332
4294967278,331
4294967278,330
4294967278,329
4294967278,328
4294967278,327
4294967278,326
4294967278,325
4294967278,324
4294967278,323
4294967278,322
4294967278,321
4294967278,320
4294967278,447
4294967278,446
4294967278,445
4294967278,444
4294967278,443
4294967278,442
4294967278,441
4294967278,440
4294967278,439
4294967278,438
4294967278,437
4294967278,436
4294967278,435
4294967278,434
4294967278,433
4294967278,432
4294967278,431
4294967278,430
4294967278,429
4294967278,428
4294967278,427
4294967278,426
4294967278,425
4294967278,424
4294967278,423
4294967278,422
4294967278,421
4294967278,420
4294967278,419
4294967278,418
4294967278,417
4294967278,416
4294967278,135
4294967278,134
4294967278,479
4294967278,478
4294967278,477
4294967278,476
4294967278,475
4294967278,474
4294967278,473
4294967278,472
4294967278,471
4294967278,470
4294967278,469
4294967278,468
4294967278,467
4294967278,466
4294967278,465
4294967278,464
4294967278,463
4294967278,462
4294967278,461
4294967278,460
4294967278,459
4294967278,458
4294967278,457
4294967278,456
4294967278,455
4294967278,454
4294967278,453
4294967278,452
4294967278,451
4294967278,450
4294967278,449
4294967278,448
4294967278,487
4294967278,486
4294967278,485
4294967278,484
4294967278,483
4294967278,482
4294967278,481
4294967278,480
4294967294,255
4294967294,254
4294967294,253
4294967294,252
4294967294,251
4294967294,250
4294967294,249
4294967294,248
4294967294,247
4294967294,246
4294967294,245
4294967294,244
4294967294,243
4294967294,242
4294967294,241
4294967294,240
4294967294,239
4294967294,238
4294967294,237
4294967294,236
4294967294,235
4294967294,234
4294967294,233
4294967294,232
4294967294,231
4294967294,230
4294967294,229
4294967294,228
4294967294,227
4294967294,226
4294967294,225
4294967294,224
4294967294,1099
4294967294,1093
4294967294,415
4294967294,413
4294967294,409
4294967294,394
4294967294,1023
4294967294,1021
4294967294,1016
4294967294,1011
4294967294,1010
4294967294,1007
4294967294,1006
4294967294,1005
4294967294,1002
4294967294,999
4294967294,59
4294967294,58
4294967294,46
4294967294,29
4294967294,28
4294967294,27
4294967294,26
4294967294,25
4294967294,12
4294967294,9
4294967294,8
4294967294,5
4294967294,2
4294967294,0
4294967294,186
4294967294,127
4294967294,126
4294967294,107
4294967294,106
4294967294,105
4294967294,104
4294967294,518
4294967294,516
4294967294,515
4294967294,514
4294967294,513
4294967294,512
4294967294,223
4294967294,222
4294967294,221
4294967294,220
4294967294,219
4294967294,218
4294967294,217
4294967294,216
4294967294,215
4294967294,214
4294967294,213
4294967294,212
4294967294,211
4294967294,210
4294967294,209
4294967294,208
4294967294,207
4294967294,206
4294967294,205
4294967294,204
4294967294,203
4294967294,202
4294967294,201
4294967294,200
4294967294,199
4294967294,198
4294967294,197
4294967294,196
4294967294,195
4294967294,194
4294967294,193
4294967294,192
4294967294,1215
4294967294,1214
4294967294,1213
4294967294,1212
4294967294,1211
4294967294,1210
4294967294,1209
4294967294,1208
4294967294,1207
4294967294,1206
4294967294,1205
4294967294,1204
4294967294,1203
4294967294,1202
4294967294,1201
4294967294,1200
4294967294,1199
4294967294,1198
4294967294,1197
4294967294,1196
4294967294,1195
4294967294,1194
4294967294,1193
4294967294,1192
4294967294,1191
4294967294,1190
4294967294,1189
